{"producer":{"name":"Blender","version":"2.78 (sub 0)","exporter_version":"5.6.4","file":"dee.babylon"},
"autoClear":true,"clearColor":[0.0509,0.0509,0.0509],"ambientColor":[0,0,0],"gravity":[0,-9.81,0],
"materials":[],
"multiMaterials":[],
"skeletons":[{"name":"metarig","id":0,"dimensionsAtRest":[4.8255,10.9169,1.7395],"bones":[
{"name":"hips","index":0,"matrix":[1,0,0,0,0,0.9769,-0.2136,0,0,-0.2136,-0.9769,0,0,5.204,0.2844,1],"rest":[1,0,0,0,0,0.9769,-0.2136,0,0,-0.2136,-0.9769,0,0,5.204,0.2844,1],"parentBoneIndex":-1,"length":0.7304
,"animation":{"dataType":3,"framePerSecond":24,"keys":[
{"frame":11,"values":[1,0,0,0,0,0.9769,-0.2136,0,0,-0.2136,-0.9769,0,0,5.204,0.2844,1]},
{"frame":12,"values":[1,0,0,0,0,0.9709,-0.2394,0,0,-0.2394,-0.9709,0,0,5.1406,0.2844,1]},
{"frame":13,"values":[1,0,0,0,0,0.9642,-0.2651,0,0,-0.2651,-0.9642,0,0,5.0771,0.2844,1]},
{"frame":14,"values":[1,0,0,0,0,0.9738,-0.2275,0,0,-0.2275,-0.9738,0,0,4.8595,0.1757,1]},
{"frame":15,"values":[1,0,0,0,0,0.9715,-0.2369,0,0,-0.2369,-0.9715,0,0,4.9139,0.2029,1]},
{"frame":16,"values":[1,0,0,0,0,0.9692,-0.2464,0,0,-0.2464,-0.9692,0,0,4.9683,0.2301,1]},
{"frame":17,"values":[1,0,0,0,0,0.9642,-0.2651,0,0,-0.2651,-0.9642,0,0,5.0771,0.2844,1]},
{"frame":21,"values":[1,0,0,0,0,0.9753,-0.2208,0,0,-0.2208,-0.9753,0,0,4.8595,0.1757,1]},
{"frame":22,"values":[1,0,0,0,0,0.9741,-0.2261,0,0,-0.2261,-0.9741,0,0,4.8858,0.1888,1]},
{"frame":23,"values":[1,0,0,0,0,0.9728,-0.2315,0,0,-0.2315,-0.9728,0,0,4.9121,0.2019,1]},
{"frame":24,"values":[1,0,0,0,0,0.9671,-0.2545,0,0,-0.2545,-0.9671,0,0,5.0246,0.2582,1]},
{"frame":25,"values":[1,0,0,0,0,0.9657,-0.2598,0,0,-0.2598,-0.9657,0,0,5.0508,0.2713,1]},
{"frame":26,"values":[1,0,0,0,0,0.9642,-0.2651,0,0,-0.2651,-0.9642,0,0,5.0771,0.2844,1]},
{"frame":30,"values":[1,0,0,0,0,0.9738,-0.2275,0,0,-0.2275,-0.9738,0,0,4.8595,0.1757,1]},
{"frame":31,"values":[1,0,0,0,0,0.9692,-0.2464,0,0,-0.2464,-0.9692,0,0,4.9683,0.2301,1]},
{"frame":32,"values":[1,0,0,0,0,0.9732,-0.23,0,0,-0.23,-0.9732,0,0,5.0862,0.2573,1]},
{"frame":33,"values":[1,0,0,0,0,0.9769,-0.2136,0,0,-0.2136,-0.9769,0,0,5.204,0.2844,1]},
{"frame":34,"values":[1,0,0,0,0,0.9769,-0.2136,0,0,-0.2136,-0.9769,0,0,5.204,0.2844,1]},
{"frame":51,"values":[1,0,0,0,0,0.9769,-0.2136,0,0,-0.2136,-0.9769,0,0,5.204,0.2844,1]},
{"frame":52,"values":[1,0,0,0,0,0.9709,-0.2394,0,0,-0.2394,-0.9709,0,0,5.1406,0.2844,1]},
{"frame":53,"values":[1,0,0,0,0,0.9642,-0.2651,0,0,-0.2651,-0.9642,0,0,5.0771,0.2844,1]},
{"frame":54,"values":[1,0,0,0,0,0.9738,-0.2275,0,0,-0.2275,-0.9738,0,0,4.8595,0.1757,1]},
{"frame":55,"values":[1,0,0,0,0,0.9715,-0.2369,0,0,-0.2369,-0.9715,0,0,4.9139,0.2029,1]},
{"frame":56,"values":[1,0,0,0,0,0.9692,-0.2464,0,0,-0.2464,-0.9692,0,0,4.9683,0.2301,1]},
{"frame":57,"values":[1,0,0,0,0,0.9642,-0.2651,0,0,-0.2651,-0.9642,0,0,5.0771,0.2844,1]},
{"frame":61,"values":[1,0,0,0,0,0.9753,-0.2208,0,0,-0.2208,-0.9753,0,0,4.8595,0.1757,1]},
{"frame":62,"values":[1,0,0,0,0,0.9741,-0.2261,0,0,-0.2261,-0.9741,0,0,4.8858,0.1888,1]},
{"frame":63,"values":[1,0,0,0,0,0.9728,-0.2315,0,0,-0.2315,-0.9728,0,0,4.9121,0.2019,1]},
{"frame":64,"values":[1,0,0,0,0,0.9671,-0.2545,0,0,-0.2545,-0.9671,0,0,5.0246,0.2582,1]},
{"frame":65,"values":[1,0,0,0,0,0.9657,-0.2598,0,0,-0.2598,-0.9657,0,0,5.0508,0.2713,1]},
{"frame":66,"values":[1,0,0,0,0,0.9642,-0.2651,0,0,-0.2651,-0.9642,0,0,5.0771,0.2844,1]},
{"frame":70,"values":[1,0,0,0,0,0.9738,-0.2275,0,0,-0.2275,-0.9738,0,0,4.8595,0.1757,1]},
{"frame":71,"values":[1,0,0,0,0,0.9692,-0.2464,0,0,-0.2464,-0.9692,0,0,4.9683,0.2301,1]},
{"frame":72,"values":[1,0,0,0,0,0.9732,-0.23,0,0,-0.23,-0.9732,0,0,5.0862,0.2573,1]},
{"frame":73,"values":[1,0,0,0,0,0.9769,-0.2136,0,0,-0.2136,-0.9769,0,0,5.204,0.2844,1]}],"loopBehavior":1,"name":"anim","property":"_matrix"}},
{"name":"chest","index":1,"matrix":[1,0,0,0,0,0.9858,-0.1678,0,0,0.1678,0.9858,0,0,0.9168,0,1],"rest":[1,0,0,0,0,0.9858,-0.1678,0,0,0.1678,0.9858,0,0,0.9168,0,1],"parentBoneIndex":0,"length":2.2756
,"animation":{"dataType":3,"framePerSecond":24,"keys":[
{"frame":11,"values":[1,0,0,0,0,0.9858,-0.1678,0,0,0.1678,0.9858,0,0,0.9168,0,1]},
{"frame":34,"values":[1,0,0,0,0,0.9858,-0.1678,0,0,0.1678,0.9858,0,0,0.9168,0,1]},
{"frame":51,"values":[1,0,0,0,0,0.9858,-0.1678,0,0,0.1678,0.9858,0,0,0.9168,0,1]},
{"frame":73,"values":[1,0,0,0,0,0.9858,-0.1678,0,0,0.1678,0.9858,0,0,0.9168,0,1]}],"loopBehavior":1,"name":"anim","property":"_matrix"}},
{"name":"neck","index":2,"matrix":[1,0,0,0,0,1,0.0017,0,0,-0.0017,1,0,0,2.4392,0,1],"rest":[1,0,0,0,0,1,0.0017,0,0,-0.0017,1,0,0,2.4392,0,1],"parentBoneIndex":1,"length":0.6351
,"animation":{"dataType":3,"framePerSecond":24,"keys":[
{"frame":11,"values":[1,0,0,0,0,1,0.0017,0,0,-0.0017,1,0,0,2.4392,0,1]},
{"frame":12,"values":[1,0.0011,-0.0005,0,-0.0011,0.9997,-0.0247,0,0.0005,0.0247,0.9997,0,0,2.4392,0,1]},
{"frame":13,"values":[1,0.0023,-0.001,0,-0.0023,0.9987,-0.0511,0,0.0009,0.0511,0.9987,0,0,2.4392,0,1]},
{"frame":30,"values":[1,0.0017,-0.0008,0,-0.0017,0.9993,-0.0379,0,0.0007,0.0379,0.9993,0,0,2.4392,0,1]},
{"frame":31,"values":[1,0.0011,-0.0005,0,-0.0011,0.9997,-0.0247,0,0.0005,0.0247,0.9997,0,0,2.4392,0,1]},
{"frame":32,"values":[1,0.0006,-0.0002,0,-0.0006,0.9999,-0.0115,0,0.0002,0.0115,0.9999,0,0,2.4392,0,1]},
{"frame":33,"values":[1,0,0,0,0,1,0.0017,0,0,-0.0017,1,0,0,2.4392,0,1]},
{"frame":34,"values":[1,0,0,0,0,1,0.0017,0,0,-0.0017,1,0,0,2.4392,0,1]},
{"frame":51,"values":[1,0,0,0,0,1,0.0017,0,0,-0.0017,1,0,0,2.4392,0,1]},
{"frame":52,"values":[1,0.0011,-0.0005,0,-0.0011,0.9997,-0.0247,0,0.0005,0.0247,0.9997,0,0,2.4392,0,1]},
{"frame":53,"values":[1,0.0023,-0.001,0,-0.0023,0.9987,-0.0511,0,0.0009,0.0511,0.9987,0,0,2.4392,0,1]},
{"frame":70,"values":[1,0.0017,-0.0008,0,-0.0017,0.9993,-0.0379,0,0.0007,0.0379,0.9993,0,0,2.4392,0,1]},
{"frame":71,"values":[1,0.0011,-0.0005,0,-0.0011,0.9997,-0.0247,0,0.0005,0.0247,0.9997,0,0,2.4392,0,1]},
{"frame":72,"values":[1,0.0006,-0.0002,0,-0.0006,0.9999,-0.0115,0,0.0002,0.0115,0.9999,0,0,2.4392,0,1]},
{"frame":73,"values":[1,0,0,0,0,1,0.0017,0,0,-0.0017,1,0,0,2.4392,0,1]}],"loopBehavior":1,"name":"anim","property":"_matrix"}},
{"name":"head","index":3,"matrix":[1,0,0,0,0,0.9988,-0.0484,0,0,0.0484,0.9988,0,0,0.6351,0,1],"rest":[1,0,0,0,0,0.9988,-0.0484,0,0,0.0484,0.9988,0,0,0.6351,0,1],"parentBoneIndex":2,"length":0.7905
,"animation":{"dataType":3,"framePerSecond":24,"keys":[
{"frame":11,"values":[1,0,0,0,0,0.9988,-0.0484,0,0,0.0484,0.9988,0,0,0.6351,0,1]},
{"frame":12,"values":[1,0.0005,-0.0002,0,-0.0005,0.9982,-0.0594,0,0.0002,0.0594,0.9982,0,0,0.6351,0,1]},
{"frame":13,"values":[1,0.001,-0.0003,0,-0.001,0.9975,-0.0703,0,0.0002,0.0703,0.9975,0,0,0.6351,0,1]},
{"frame":14,"values":[1,0.001,-0.0003,0,-0.001,0.9975,-0.0703,0,0.0003,0.0703,0.9975,0,0,0.6351,0,1]},
{"frame":15,"values":[1,0.0009,-0.0003,0,-0.001,0.9975,-0.0703,0,0.0003,0.0703,0.9975,0,0,0.6351,0,1]},
{"frame":16,"values":[1,0.0009,-0.0004,0,-0.001,0.9975,-0.0703,0,0.0003,0.0703,0.9975,0,0,0.6351,0,1]},
{"frame":30,"values":[1,0.0007,-0.0003,0,-0.0007,0.9979,-0.0649,0,0.0003,0.0649,0.9979,0,0,0.6351,0,1]},
{"frame":31,"values":[1,0.0005,-0.0002,0,-0.0005,0.9982,-0.0594,0,0.0002,0.0594,0.9982,0,0,0.6351,0,1]},
{"frame":32,"values":[1,0.0002,-0.0001,0,-0.0002,0.9985,-0.0539,0,0.0001,0.0539,0.9985,0,0,0.6351,0,1]},
{"frame":33,"values":[1,0,0,0,0,0.9988,-0.0484,0,0,0.0484,0.9988,0,0,0.6351,0,1]},
{"frame":34,"values":[1,0,0,0,0,0.9988,-0.0484,0,0,0.0484,0.9988,0,0,0.6351,0,1]},
{"frame":51,"values":[1,0,0,0,0,0.9988,-0.0484,0,0,0.0484,0.9988,0,0,0.6351,0,1]},
{"frame":52,"values":[1,0.0005,-0.0002,0,-0.0005,0.9982,-0.0594,0,0.0002,0.0594,0.9982,0,0,0.6351,0,1]},
{"frame":53,"values":[1,0.0009,-0.0004,0,-0.001,0.9975,-0.0703,0,0.0003,0.0703,0.9975,0,0,0.6351,0,1]},
{"frame":70,"values":[1,0.0007,-0.0003,0,-0.0007,0.9979,-0.0649,0,0.0003,0.0649,0.9979,0,0,0.6351,0,1]},
{"frame":71,"values":[1,0.0005,-0.0002,0,-0.0005,0.9982,-0.0594,0,0.0002,0.0594,0.9982,0,0,0.6351,0,1]},
{"frame":72,"values":[1,0.0002,-0.0001,0,-0.0002,0.9985,-0.0539,0,0.0001,0.0539,0.9985,0,0,0.6351,0,1]},
{"frame":73,"values":[1,0,0,0,0,0.9988,-0.0484,0,0,0.0484,0.9988,0,0,0.6351,0,1]}],"loopBehavior":1,"name":"anim","property":"_matrix"}},
{"name":"head_end","index":4,"matrix":[1,0,0,0,0,1,0,0,0,0,1,0,0,0.7905,0,1],"rest":[1,0,0,0,0,1,0,0,0,0,1,0,0,0.7905,0,1],"parentBoneIndex":3,"length":0.7905
,"animation":{"dataType":3,"framePerSecond":24,"keys":[
{"frame":11,"values":[1,0,0,0,0,1,0,0,0,0,1,0,0,0.7905,0,1]},
{"frame":34,"values":[1,0,0,0,0,1,0,0,0,0,1,0,0,0.7905,0,1]},
{"frame":51,"values":[1,0,0,0,0,1,0,0,0,0,1,0,0,0.7905,0,1]},
{"frame":73,"values":[1,0,0,0,0,1,0,0,0,0,1,0,0,0.7905,0,1]}],"loopBehavior":1,"name":"anim","property":"_matrix"}},
{"name":"shoulder.L","index":5,"matrix":[0.3719,0.0261,0.9279,0,0.9255,0.0662,-0.3728,0,-0.0711,0.9975,0.0004,0,0.0943,2.1771,0.2532,1],"rest":[0.3719,0.0261,0.9279,0,0.9255,0.0662,-0.3728,0,-0.0711,0.9975,0.0004,0,0.0943,2.1771,0.2532,1],"parentBoneIndex":1,"length":0.8187
,"animation":{"dataType":3,"framePerSecond":24,"keys":[
{"frame":11,"values":[0.3719,0.0261,0.9279,0,0.9255,0.0662,-0.3728,0,-0.0711,0.9975,0.0004,0,0.0943,2.1771,0.2532,1]},
{"frame":34,"values":[0.3719,0.0261,0.9279,0,0.9255,0.0662,-0.3728,0,-0.0711,0.9975,0.0004,0,0.0943,2.1771,0.2532,1]},
{"frame":51,"values":[0.3719,0.0261,0.9279,0,0.9255,0.0662,-0.3728,0,-0.0711,0.9975,0.0004,0,0.0943,2.1771,0.2532,1]},
{"frame":73,"values":[0.3719,0.0261,0.9279,0,0.9255,0.0662,-0.3728,0,-0.0711,0.9975,0.0004,0,0.0943,2.1771,0.2532,1]}],"loopBehavior":1,"name":"anim","property":"_matrix"}},
{"name":"upper_arm.L","index":6,"matrix":[-0.1453,-0.8877,-0.4369,0,0.1913,0.408,-0.8927,0,0.9707,-0.2133,0.1105,0,0.0795,0.8014,-0.1473,1],"rest":[-0.1453,-0.8877,-0.4369,0,0.1913,0.408,-0.8927,0,0.9707,-0.2133,0.1105,0,0.0795,0.8014,-0.1473,1],"parentBoneIndex":5,"length":1.4614
,"animation":{"dataType":3,"framePerSecond":24,"keys":[
{"frame":11,"values":[-0.1453,-0.8877,-0.4369,0,0.1913,0.408,-0.8927,0,0.9707,-0.2133,0.1105,0,0.0795,0.8014,-0.1473,1]},
{"frame":12,"values":[-0.0216,-0.9778,-0.2085,0,0.4569,0.1758,-0.8719,0,0.8892,-0.1141,0.443,0,0.0795,0.8014,-0.1473,1]},
{"frame":13,"values":[0.0264,-0.9978,0.0615,0,0.7004,-0.0255,-0.7133,0,0.7133,0.0619,0.6982,0,0.0795,0.8014,-0.1473,1]},
{"frame":14,"values":[0.022,-0.9997,0.014,0,0.6165,0.0025,-0.7873,0,0.787,0.026,0.6164,0,0.0795,0.8014,-0.1473,1]},
{"frame":15,"values":[0.0056,-0.9984,-0.0557,0,0.4771,0.0517,-0.8773,0,0.8788,-0.0217,0.4766,0,0.0795,0.8014,-0.1473,1]},
{"frame":16,"values":[-0.0221,-0.9923,-0.1215,0,0.3255,0.1078,-0.9394,0,0.9453,-0.0603,0.3207,0,0.0795,0.8014,-0.1473,1]},
{"frame":17,"values":[-0.1444,-0.954,-0.2626,0,-0.1018,0.2783,-0.9551,0,0.9843,-0.1112,-0.1373,0,0.0795,0.8014,-0.1473,1]},
{"frame":18,"values":[-0.2036,-0.9329,-0.2971,0,-0.2539,0.3433,-0.9042,0,0.9456,-0.1087,-0.3068,0,0.0795,0.8014,-0.1473,1]},
{"frame":19,"values":[-0.2673,-0.909,-0.3197,0,-0.3943,0.4059,-0.8245,0,0.8793,-0.0944,-0.4669,0,0.0795,0.8014,-0.1473,1]},
{"frame":20,"values":[-0.3112,-0.892,-0.3278,0,-0.4789,0.4451,-0.7567,0,0.8209,-0.0785,-0.5657,0,0.0795,0.8014,-0.1473,1]},
{"frame":21,"values":[-0.2808,-0.9039,-0.3228,0,-0.4213,0.4182,-0.8047,0,0.8624,-0.09,-0.4982,0,0.0795,0.8014,-0.1473,1]},
{"frame":22,"values":[-0.2352,-0.9212,-0.3099,0,-0.3262,0.3752,-0.8677,0,0.9156,-0.1029,-0.3887,0,0.0795,0.8014,-0.1473,1]},
{"frame":23,"values":[-0.1913,-0.9374,-0.291,0,-0.2241,0.3304,-0.9169,0,0.9556,-0.1102,-0.2732,0,0.0795,0.8014,-0.1473,1]},
{"frame":24,"values":[-0.0755,-0.9769,-0.1998,0,0.112,0.1908,-0.9752,0,0.9908,-0.096,0.095,0,0.0795,0.8014,-0.1473,1]},
{"frame":25,"values":[-0.0315,-0.9899,-0.1384,0,0.283,0.124,-0.9511,0,0.9586,-0.0691,0.2762,0,0.0795,0.8014,-0.1473,1]},
{"frame":26,"values":[0.0009,-0.9976,-0.0694,0,0.4474,0.0625,-0.8922,0,0.8943,-0.0302,0.4464,0,0.0795,0.8014,-0.1473,1]},
{"frame":27,"values":[0.0239,-0.9993,0.0287,0,0.6433,-0.0066,-0.7655,0,0.7652,0.0368,0.6427,0,0.0795,0.8014,-0.1473,1]},
{"frame":28,"values":[0.0255,-0.9987,0.0451,0,0.6724,-0.0163,-0.74,0,0.7398,0.0492,0.671,0,0.0795,0.8014,-0.1473,1]},
{"frame":29,"values":[0.0264,-0.9978,0.0615,0,0.7004,-0.0255,-0.7133,0,0.7133,0.0619,0.6982,0,0.0795,0.8014,-0.1473,1]},
{"frame":30,"values":[0.022,-0.9997,0.014,0,0.6165,0.0025,-0.7873,0,0.787,0.026,0.6164,0,0.0795,0.8014,-0.1473,1]},
{"frame":31,"values":[-0.0221,-0.9923,-0.1215,0,0.3255,0.1078,-0.9394,0,0.9453,-0.0603,0.3207,0,0.0795,0.8014,-0.1473,1]},
{"frame":32,"values":[-0.0782,-0.9549,-0.2863,0,0.2544,0.2586,-0.9319,0,0.9639,-0.1457,0.2227,0,0.0795,0.8014,-0.1473,1]},
{"frame":33,"values":[-0.1453,-0.8877,-0.4369,0,0.1913,0.408,-0.8927,0,0.9707,-0.2133,0.1105,0,0.0795,0.8014,-0.1473,1]},
{"frame":34,"values":[-0.1453,-0.8877,-0.4369,0,0.1913,0.408,-0.8927,0,0.9707,-0.2133,0.1105,0,0.0795,0.8014,-0.1473,1]},
{"frame":51,"values":[-0.1453,-0.8877,-0.4369,0,0.1913,0.408,-0.8927,0,0.9707,-0.2133,0.1105,0,0.0795,0.8014,-0.1473,1]},
{"frame":52,"values":[-0.0216,-0.9778,-0.2085,0,0.4569,0.1758,-0.8719,0,0.8892,-0.1141,0.443,0,0.0795,0.8014,-0.1473,1]},
{"frame":53,"values":[0.0264,-0.9978,0.0615,0,0.7004,-0.0255,-0.7133,0,0.7133,0.0619,0.6982,0,0.0795,0.8014,-0.1473,1]},
{"frame":54,"values":[0.022,-0.9997,0.014,0,0.6165,0.0025,-0.7873,0,0.787,0.026,0.6164,0,0.0795,0.8014,-0.1473,1]},
{"frame":55,"values":[0.0056,-0.9984,-0.0557,0,0.4771,0.0517,-0.8773,0,0.8788,-0.0217,0.4766,0,0.0795,0.8014,-0.1473,1]},
{"frame":56,"values":[-0.0221,-0.9923,-0.1215,0,0.3255,0.1078,-0.9394,0,0.9453,-0.0603,0.3207,0,0.0795,0.8014,-0.1473,1]},
{"frame":57,"values":[-0.1444,-0.954,-0.2626,0,-0.1018,0.2783,-0.9551,0,0.9843,-0.1112,-0.1373,0,0.0795,0.8014,-0.1473,1]},
{"frame":58,"values":[-0.2036,-0.9329,-0.2971,0,-0.2539,0.3433,-0.9042,0,0.9456,-0.1087,-0.3068,0,0.0795,0.8014,-0.1473,1]},
{"frame":59,"values":[-0.2673,-0.909,-0.3197,0,-0.3943,0.4059,-0.8245,0,0.8793,-0.0944,-0.4669,0,0.0795,0.8014,-0.1473,1]},
{"frame":60,"values":[-0.3112,-0.892,-0.3278,0,-0.4789,0.4451,-0.7567,0,0.8209,-0.0785,-0.5657,0,0.0795,0.8014,-0.1473,1]},
{"frame":61,"values":[-0.2808,-0.9039,-0.3228,0,-0.4213,0.4182,-0.8047,0,0.8624,-0.09,-0.4982,0,0.0795,0.8014,-0.1473,1]},
{"frame":62,"values":[-0.2352,-0.9212,-0.3099,0,-0.3262,0.3752,-0.8677,0,0.9156,-0.1029,-0.3887,0,0.0795,0.8014,-0.1473,1]},
{"frame":63,"values":[-0.1913,-0.9374,-0.291,0,-0.2241,0.3304,-0.9169,0,0.9556,-0.1102,-0.2732,0,0.0795,0.8014,-0.1473,1]},
{"frame":64,"values":[-0.0755,-0.9769,-0.1998,0,0.112,0.1908,-0.9752,0,0.9908,-0.096,0.095,0,0.0795,0.8014,-0.1473,1]},
{"frame":65,"values":[-0.0315,-0.9899,-0.1384,0,0.283,0.124,-0.9511,0,0.9586,-0.0691,0.2762,0,0.0795,0.8014,-0.1473,1]},
{"frame":66,"values":[0.0009,-0.9976,-0.0694,0,0.4474,0.0625,-0.8922,0,0.8943,-0.0302,0.4464,0,0.0795,0.8014,-0.1473,1]},
{"frame":67,"values":[0.0239,-0.9993,0.0287,0,0.6433,-0.0066,-0.7655,0,0.7652,0.0368,0.6427,0,0.0795,0.8014,-0.1473,1]},
{"frame":68,"values":[0.0255,-0.9987,0.0451,0,0.6724,-0.0163,-0.74,0,0.7398,0.0492,0.671,0,0.0795,0.8014,-0.1473,1]},
{"frame":69,"values":[0.0264,-0.9978,0.0615,0,0.7004,-0.0255,-0.7133,0,0.7133,0.0619,0.6982,0,0.0795,0.8014,-0.1473,1]},
{"frame":70,"values":[0.022,-0.9997,0.014,0,0.6165,0.0025,-0.7873,0,0.787,0.026,0.6164,0,0.0795,0.8014,-0.1473,1]},
{"frame":71,"values":[-0.0221,-0.9923,-0.1215,0,0.3255,0.1078,-0.9394,0,0.9453,-0.0603,0.3207,0,0.0795,0.8014,-0.1473,1]},
{"frame":72,"values":[-0.0782,-0.9549,-0.2863,0,0.2544,0.2586,-0.9319,0,0.9639,-0.1457,0.2227,0,0.0795,0.8014,-0.1473,1]},
{"frame":73,"values":[-0.1453,-0.8877,-0.4369,0,0.1913,0.408,-0.8927,0,0.9707,-0.2133,0.1105,0,0.0795,0.8014,-0.1473,1]}],"loopBehavior":1,"name":"anim","property":"_matrix"}},
{"name":"forearm.L","index":7,"matrix":[0.9274,-0.2973,-0.2271,0,0.3012,0.9534,-0.0182,0,0.222,-0.0516,0.9737,0,0,1.4614,0,1],"rest":[0.9274,-0.2973,-0.2271,0,0.3012,0.9534,-0.0182,0,0.222,-0.0516,0.9737,0,0,1.4614,0,1],"parentBoneIndex":6,"length":1.7043
,"animation":{"dataType":3,"framePerSecond":24,"keys":[
{"frame":11,"values":[0.9274,-0.2973,-0.2271,0,0.3012,0.9534,-0.0182,0,0.222,-0.0516,0.9737,0,0,1.4614,0,1]},
{"frame":12,"values":[0.9406,-0.2918,-0.1735,0,0.3242,0.9237,0.2043,0,0.1007,-0.2484,0.9634,0,0,1.4614,0,1]},
{"frame":13,"values":[0.9474,-0.2973,-0.1187,0,0.3193,0.8506,0.4177,0,-0.0232,-0.4336,0.9008,0,0,1.4614,0,1]},
{"frame":30,"values":[0.9448,-0.2932,-0.146,0,0.3252,0.8922,0.3132,0,0.0384,-0.3434,0.9384,0,0,1.4614,0,1]},
{"frame":31,"values":[0.9406,-0.2918,-0.1735,0,0.3242,0.9237,0.2043,0,0.1007,-0.2484,0.9634,0,0,1.4614,0,1]},
{"frame":32,"values":[0.9347,-0.2932,-0.2008,0,0.3161,0.9441,0.0931,0,0.1623,-0.1505,0.9752,0,0,1.4614,0,1]},
{"frame":33,"values":[0.9274,-0.2973,-0.2271,0,0.3012,0.9534,-0.0182,0,0.222,-0.0516,0.9737,0,0,1.4614,0,1]},
{"frame":34,"values":[0.9274,-0.2973,-0.2271,0,0.3012,0.9534,-0.0182,0,0.222,-0.0516,0.9737,0,0,1.4614,0,1]},
{"frame":51,"values":[0.9274,-0.2973,-0.2271,0,0.3012,0.9534,-0.0182,0,0.222,-0.0516,0.9737,0,0,1.4614,0,1]},
{"frame":52,"values":[0.9406,-0.2918,-0.1735,0,0.3242,0.9237,0.2043,0,0.1007,-0.2484,0.9634,0,0,1.4614,0,1]},
{"frame":53,"values":[0.9474,-0.2973,-0.1187,0,0.3193,0.8506,0.4177,0,-0.0232,-0.4336,0.9008,0,0,1.4614,0,1]},
{"frame":70,"values":[0.9448,-0.2932,-0.146,0,0.3252,0.8922,0.3132,0,0.0384,-0.3434,0.9384,0,0,1.4614,0,1]},
{"frame":71,"values":[0.9406,-0.2918,-0.1735,0,0.3242,0.9237,0.2043,0,0.1007,-0.2484,0.9634,0,0,1.4614,0,1]},
{"frame":72,"values":[0.9347,-0.2932,-0.2008,0,0.3161,0.9441,0.0931,0,0.1623,-0.1505,0.9752,0,0,1.4614,0,1]},
{"frame":73,"values":[0.9274,-0.2973,-0.2271,0,0.3012,0.9534,-0.0182,0,0.222,-0.0516,0.9737,0,0,1.4614,0,1]}],"loopBehavior":1,"name":"anim","property":"_matrix"}},
{"name":"forearm.L_end","index":8,"matrix":[1,0,0,0,0,1,0,0,0,0,1,0,0,1.7043,0,1],"rest":[1,0,0,0,0,1,0,0,0,0,1,0,0,1.7043,0,1],"parentBoneIndex":7,"length":1.7043
,"animation":{"dataType":3,"framePerSecond":24,"keys":[
{"frame":11,"values":[1,0,0,0,0,1,0,0,0,0,1,0,0,1.7043,0,1]},
{"frame":34,"values":[1,0,0,0,0,1,0,0,0,0,1,0,0,1.7043,0,1]},
{"frame":51,"values":[1,0,0,0,0,1,0,0,0,0,1,0,0,1.7043,0,1]},
{"frame":73,"values":[1,0,0,0,0,1,0,0,0,0,1,0,0,1.7043,0,1]}],"loopBehavior":1,"name":"anim","property":"_matrix"}},
{"name":"shoulder.R","index":9,"matrix":[0.3719,-0.0261,-0.9279,0,-0.9255,0.0662,-0.3728,0,0.0711,0.9975,0.0004,0,-0.0943,2.1771,0.2532,1],"rest":[0.3719,-0.0261,-0.9279,0,-0.9255,0.0662,-0.3728,0,0.0711,0.9975,0.0004,0,-0.0943,2.1771,0.2532,1],"parentBoneIndex":1,"length":0.8187
,"animation":{"dataType":3,"framePerSecond":24,"keys":[
{"frame":11,"values":[0.3719,-0.0261,-0.9279,0,-0.9255,0.0662,-0.3728,0,0.0711,0.9975,0.0004,0,-0.0943,2.1771,0.2532,1]},
{"frame":34,"values":[0.3719,-0.0261,-0.9279,0,-0.9255,0.0662,-0.3728,0,0.0711,0.9975,0.0004,0,-0.0943,2.1771,0.2532,1]},
{"frame":51,"values":[0.3719,-0.0261,-0.9279,0,-0.9255,0.0662,-0.3728,0,0.0711,0.9975,0.0004,0,-0.0943,2.1771,0.2532,1]},
{"frame":73,"values":[0.3719,-0.0261,-0.9279,0,-0.9255,0.0662,-0.3728,0,0.0711,0.9975,0.0004,0,-0.0943,2.1771,0.2532,1]}],"loopBehavior":1,"name":"anim","property":"_matrix"}},
{"name":"upper_arm.R","index":10,"matrix":[-0.1453,0.8877,0.4369,0,-0.1913,0.408,-0.8927,0,-0.9707,-0.2133,0.1105,0,-0.0795,0.8014,-0.1473,1],"rest":[-0.1453,0.8877,0.4369,0,-0.1913,0.408,-0.8927,0,-0.9707,-0.2133,0.1105,0,-0.0795,0.8014,-0.1473,1],"parentBoneIndex":9,"length":1.4614
,"animation":{"dataType":3,"framePerSecond":24,"keys":[
{"frame":11,"values":[-0.1453,0.8877,0.4369,0,-0.1913,0.408,-0.8927,0,-0.9707,-0.2133,0.1105,0,-0.0795,0.8014,-0.1473,1]},
{"frame":12,"values":[-0.3803,0.8466,0.3724,0,0.1959,0.4672,-0.8621,0,-0.9039,-0.255,-0.3436,0,-0.0795,0.8014,-0.1473,1]},
{"frame":13,"values":[-0.5596,0.8022,0.2081,0,0.5252,0.5375,-0.6597,0,-0.6411,-0.2599,-0.7221,0,-0.0795,0.8014,-0.1473,1]},
{"frame":14,"values":[-0.5223,0.8297,0.1969,0,0.4677,0.4718,-0.7474,0,-0.7131,-0.2983,-0.6345,0,-0.0795,0.8014,-0.1473,1]},
{"frame":15,"values":[-0.4752,0.8521,0.2192,0,0.3493,0.4113,-0.8419,0,-0.8076,-0.3235,-0.4931,0,-0.0795,0.8014,-0.1473,1]},
{"frame":16,"values":[-0.425,0.8749,0.2322,0,0.2168,0.3474,-0.9123,0,-0.8789,-0.3374,-0.3373,0,-0.0795,0.8014,-0.1473,1]},
{"frame":17,"values":[-0.2828,0.9273,0.2453,0,-0.1807,0.1997,-0.9631,0,-0.942,-0.3167,0.1111,0,-0.0795,0.8014,-0.1473,1]},
{"frame":18,"values":[-0.2288,0.9444,0.2363,0,-0.3315,0.1526,-0.931,0,-0.9153,-0.2914,0.2781,0,-0.0795,0.8014,-0.1473,1]},
{"frame":19,"values":[-0.1768,0.9599,0.2177,0,-0.4756,0.1103,-0.8727,0,-0.8617,-0.2578,0.4371,0,-0.0795,0.8014,-0.1473,1]},
{"frame":20,"values":[-0.1433,0.969,0.2014,0,-0.5668,0.0865,-0.8193,0,-0.8113,-0.2315,0.5368,0,-0.0795,0.8014,-0.1473,1]},
{"frame":21,"values":[-0.1642,0.9619,0.2187,0,-0.5055,0.1083,-0.856,0,-0.847,-0.2511,0.4685,0,-0.0795,0.8014,-0.1473,1]},
{"frame":22,"values":[-0.1984,0.9499,0.2415,0,-0.4078,0.1441,-0.9017,0,-0.8913,-0.2773,0.3588,0,-0.0795,0.8014,-0.1473,1]},
{"frame":23,"values":[-0.2347,0.9367,0.2598,0,-0.3059,0.1825,-0.9344,0,-0.9227,-0.2988,0.2437,0,-0.0795,0.8014,-0.1473,1]},
{"frame":24,"values":[-0.3525,0.8914,0.2851,0,0.0115,0.3087,-0.9511,0,-0.9358,-0.3319,-0.119,0,-0.0795,0.8014,-0.1473,1]},
{"frame":25,"values":[-0.4121,0.867,0.2801,0,0.1657,0.3737,-0.9126,0,-0.8959,-0.3297,-0.2977,0,-0.0795,0.8014,-0.1473,1]},
{"frame":26,"values":[-0.4696,0.8426,0.2636,0,0.3101,0.4369,-0.8444,0,-0.8267,-0.3148,-0.4664,0,-0.0795,0.8014,-0.1473,1]},
{"frame":27,"values":[-0.5391,0.8117,0.2247,0,0.4775,0.5144,-0.7123,0,-0.6938,-0.2767,-0.6649,0,-0.0795,0.8014,-0.1473,1]},
{"frame":28,"values":[-0.5495,0.8069,0.2167,0,0.5019,0.5261,-0.6865,0,-0.668,-0.2685,-0.6941,0,-0.0795,0.8014,-0.1473,1]},
{"frame":29,"values":[-0.5596,0.8022,0.2081,0,0.5252,0.5375,-0.6597,0,-0.6411,-0.2599,-0.7221,0,-0.0795,0.8014,-0.1473,1]},
{"frame":30,"values":[-0.5223,0.8297,0.1969,0,0.4677,0.4718,-0.7474,0,-0.7131,-0.2983,-0.6345,0,-0.0795,0.8014,-0.1473,1]},
{"frame":31,"values":[-0.425,0.8749,0.2322,0,0.2168,0.3474,-0.9123,0,-0.8789,-0.3374,-0.3373,0,-0.0795,0.8014,-0.1473,1]},
{"frame":32,"values":[-0.298,0.8874,0.3518,0,0.0106,0.3716,-0.9283,0,-0.9545,-0.273,-0.1202,0,-0.0795,0.8014,-0.1473,1]},
{"frame":33,"values":[-0.1453,0.8877,0.4369,0,-0.1913,0.408,-0.8927,0,-0.9707,-0.2133,0.1105,0,-0.0795,0.8014,-0.1473,1]},
{"frame":34,"values":[-0.1453,0.8877,0.4369,0,-0.1913,0.408,-0.8927,0,-0.9707,-0.2133,0.1105,0,-0.0795,0.8014,-0.1473,1]},
{"frame":51,"values":[-0.1453,0.8877,0.4369,0,-0.1913,0.408,-0.8927,0,-0.9707,-0.2133,0.1105,0,-0.0795,0.8014,-0.1473,1]},
{"frame":52,"values":[-0.3803,0.8466,0.3724,0,0.1959,0.4672,-0.8621,0,-0.9039,-0.255,-0.3436,0,-0.0795,0.8014,-0.1473,1]},
{"frame":53,"values":[-0.5596,0.8022,0.2081,0,0.5252,0.5375,-0.6597,0,-0.6411,-0.2599,-0.7221,0,-0.0795,0.8014,-0.1473,1]},
{"frame":54,"values":[-0.5223,0.8297,0.1969,0,0.4677,0.4718,-0.7474,0,-0.7131,-0.2983,-0.6345,0,-0.0795,0.8014,-0.1473,1]},
{"frame":55,"values":[-0.4752,0.8521,0.2192,0,0.3493,0.4113,-0.8419,0,-0.8076,-0.3235,-0.4931,0,-0.0795,0.8014,-0.1473,1]},
{"frame":56,"values":[-0.425,0.8749,0.2322,0,0.2168,0.3474,-0.9123,0,-0.8789,-0.3374,-0.3373,0,-0.0795,0.8014,-0.1473,1]},
{"frame":57,"values":[-0.2828,0.9273,0.2453,0,-0.1807,0.1997,-0.9631,0,-0.942,-0.3167,0.1111,0,-0.0795,0.8014,-0.1473,1]},
{"frame":58,"values":[-0.2288,0.9444,0.2363,0,-0.3315,0.1526,-0.931,0,-0.9153,-0.2914,0.2781,0,-0.0795,0.8014,-0.1473,1]},
{"frame":59,"values":[-0.1768,0.9599,0.2177,0,-0.4756,0.1103,-0.8727,0,-0.8617,-0.2578,0.4371,0,-0.0795,0.8014,-0.1473,1]},
{"frame":60,"values":[-0.1433,0.969,0.2014,0,-0.5668,0.0865,-0.8193,0,-0.8113,-0.2315,0.5368,0,-0.0795,0.8014,-0.1473,1]},
{"frame":61,"values":[-0.1642,0.9619,0.2187,0,-0.5055,0.1083,-0.856,0,-0.847,-0.2511,0.4685,0,-0.0795,0.8014,-0.1473,1]},
{"frame":62,"values":[-0.1984,0.9499,0.2415,0,-0.4078,0.1441,-0.9017,0,-0.8913,-0.2773,0.3588,0,-0.0795,0.8014,-0.1473,1]},
{"frame":63,"values":[-0.2347,0.9367,0.2598,0,-0.3059,0.1825,-0.9344,0,-0.9227,-0.2988,0.2437,0,-0.0795,0.8014,-0.1473,1]},
{"frame":64,"values":[-0.3525,0.8914,0.2851,0,0.0115,0.3087,-0.9511,0,-0.9358,-0.3319,-0.119,0,-0.0795,0.8014,-0.1473,1]},
{"frame":65,"values":[-0.4121,0.867,0.2801,0,0.1657,0.3737,-0.9126,0,-0.8959,-0.3297,-0.2977,0,-0.0795,0.8014,-0.1473,1]},
{"frame":66,"values":[-0.4696,0.8426,0.2636,0,0.3101,0.4369,-0.8444,0,-0.8267,-0.3148,-0.4664,0,-0.0795,0.8014,-0.1473,1]},
{"frame":67,"values":[-0.5391,0.8117,0.2247,0,0.4775,0.5144,-0.7123,0,-0.6938,-0.2767,-0.6649,0,-0.0795,0.8014,-0.1473,1]},
{"frame":68,"values":[-0.5495,0.8069,0.2167,0,0.5019,0.5261,-0.6865,0,-0.668,-0.2685,-0.6941,0,-0.0795,0.8014,-0.1473,1]},
{"frame":69,"values":[-0.5596,0.8022,0.2081,0,0.5252,0.5375,-0.6597,0,-0.6411,-0.2599,-0.7221,0,-0.0795,0.8014,-0.1473,1]},
{"frame":70,"values":[-0.5223,0.8297,0.1969,0,0.4677,0.4718,-0.7474,0,-0.7131,-0.2983,-0.6345,0,-0.0795,0.8014,-0.1473,1]},
{"frame":71,"values":[-0.425,0.8749,0.2322,0,0.2168,0.3474,-0.9123,0,-0.8789,-0.3374,-0.3373,0,-0.0795,0.8014,-0.1473,1]},
{"frame":72,"values":[-0.298,0.8874,0.3518,0,0.0106,0.3716,-0.9283,0,-0.9545,-0.273,-0.1202,0,-0.0795,0.8014,-0.1473,1]},
{"frame":73,"values":[-0.1453,0.8877,0.4369,0,-0.1913,0.408,-0.8927,0,-0.9707,-0.2133,0.1105,0,-0.0795,0.8014,-0.1473,1]}],"loopBehavior":1,"name":"anim","property":"_matrix"}},
{"name":"forearm.R","index":11,"matrix":[0.9274,0.2973,0.2271,0,-0.3012,0.9534,-0.0182,0,-0.222,-0.0516,0.9737,0,0,1.4614,0,1],"rest":[0.9274,0.2973,0.2271,0,-0.3012,0.9534,-0.0182,0,-0.222,-0.0516,0.9737,0,0,1.4614,0,1],"parentBoneIndex":10,"length":1.7043
,"animation":{"dataType":3,"framePerSecond":24,"keys":[
{"frame":11,"values":[0.9274,0.2973,0.2271,0,-0.3012,0.9534,-0.0182,0,-0.222,-0.0516,0.9737,0,0,1.4614,0,1]},
{"frame":12,"values":[0.9432,0.2922,0.1582,0,-0.3257,0.9075,0.2652,0,-0.0661,-0.3017,0.9511,0,0,1.4614,0,1]},
{"frame":13,"values":[0.9482,0.3051,0.0887,0,-0.3044,0.7924,0.5285,0,0.091,-0.5281,0.8443,0,0,1.4614,0,1]},
{"frame":30,"values":[0.9471,0.2965,0.1229,0,-0.3207,0.8578,0.4016,0,0.0136,-0.4198,0.9075,0,0,1.4614,0,1]},
{"frame":31,"values":[0.9432,0.2922,0.1582,0,-0.3257,0.9075,0.2652,0,-0.0661,-0.3017,0.9511,0,0,1.4614,0,1]},
{"frame":32,"values":[0.9365,0.2925,0.1933,0,-0.319,0.9396,0.1237,0,-0.1455,-0.1775,0.9733,0,0,1.4614,0,1]},
{"frame":33,"values":[0.9274,0.2973,0.2271,0,-0.3012,0.9534,-0.0182,0,-0.222,-0.0516,0.9737,0,0,1.4614,0,1]},
{"frame":34,"values":[0.9274,0.2973,0.2271,0,-0.3012,0.9534,-0.0182,0,-0.222,-0.0516,0.9737,0,0,1.4614,0,1]},
{"frame":51,"values":[0.9274,0.2973,0.2271,0,-0.3012,0.9534,-0.0182,0,-0.222,-0.0516,0.9737,0,0,1.4614,0,1]},
{"frame":52,"values":[0.9432,0.2922,0.1582,0,-0.3257,0.9075,0.2652,0,-0.0661,-0.3017,0.9511,0,0,1.4614,0,1]},
{"frame":53,"values":[0.9482,0.3051,0.0887,0,-0.3044,0.7924,0.5285,0,0.091,-0.5281,0.8443,0,0,1.4614,0,1]},
{"frame":70,"values":[0.9471,0.2965,0.1229,0,-0.3207,0.8578,0.4016,0,0.0136,-0.4198,0.9075,0,0,1.4614,0,1]},
{"frame":71,"values":[0.9432,0.2922,0.1582,0,-0.3257,0.9075,0.2652,0,-0.0661,-0.3017,0.9511,0,0,1.4614,0,1]},
{"frame":72,"values":[0.9365,0.2925,0.1933,0,-0.319,0.9396,0.1237,0,-0.1455,-0.1775,0.9733,0,0,1.4614,0,1]},
{"frame":73,"values":[0.9274,0.2973,0.2271,0,-0.3012,0.9534,-0.0182,0,-0.222,-0.0516,0.9737,0,0,1.4614,0,1]}],"loopBehavior":1,"name":"anim","property":"_matrix"}},
{"name":"forearm.R_end","index":12,"matrix":[1,0,0,0,0,1,0,0,0,0,1,0,0,1.7043,0,1],"rest":[1,0,0,0,0,1,0,0,0,0,1,0,0,1.7043,0,1],"parentBoneIndex":11,"length":1.7043
,"animation":{"dataType":3,"framePerSecond":24,"keys":[
{"frame":11,"values":[1,0,0,0,0,1,0,0,0,0,1,0,0,1.7043,0,1]},
{"frame":34,"values":[1,0,0,0,0,1,0,0,0,0,1,0,0,1.7043,0,1]},
{"frame":51,"values":[1,0,0,0,0,1,0,0,0,0,1,0,0,1.7043,0,1]},
{"frame":73,"values":[1,0,0,0,0,1,0,0,0,0,1,0,0,1.7043,0,1]}],"loopBehavior":1,"name":"anim","property":"_matrix"}},
{"name":"thigh.L","index":13,"matrix":[1,0,0,0,0,-0.9769,0.2138,0,0,-0.2138,-0.9769,0,0.505,0.3597,0.1471,1],"rest":[1,0,0,0,0,-0.9769,0.2138,0,0,-0.2138,-0.9769,0,0.505,0.3597,0.1471,1],"parentBoneIndex":0,"length":2.7558
,"animation":{"dataType":3,"framePerSecond":24,"keys":[
{"frame":11,"values":[1,0,0,0,0,-0.9769,0.2138,0,0,-0.2138,-0.9769,0,0.505,0.3597,0.1471,1]},
{"frame":12,"values":[1,0,0,0,0,-0.9939,0.1106,0,0,-0.1106,-0.9939,0,0.505,0.3597,0.1471,1]},
{"frame":13,"values":[1,0,0,0,0,-1,0.0062,0,0,-0.0062,-1,0,0.505,0.3597,0.1471,1]},
{"frame":14,"values":[1,0,0,0,0,-0.9781,0.2082,0,0,-0.2082,-0.9781,0,0.505,0.3597,0.1471,1]},
{"frame":15,"values":[1,0,0,0,0,-0.9274,0.374,0,0,-0.374,-0.9274,0,0.505,0.3597,0.1471,1]},
{"frame":16,"values":[1,0,0,0,0,-0.8489,0.5285,0,0,-0.5285,-0.8489,0,0.505,0.3597,0.1471,1]},
{"frame":17,"values":[1,0,0,0,0,-0.7244,0.6894,0,0,-0.6894,-0.7244,0,0.505,0.3597,0.1471,1]},
{"frame":18,"values":[1,0,0,0,0,-0.7396,0.6731,0,0,-0.6731,-0.7396,0,0.505,0.3597,0.1471,1]},
{"frame":19,"values":[1,0,0,0,0,-0.7544,0.6565,0,0,-0.6565,-0.7544,0,0.505,0.3597,0.1471,1]},
{"frame":20,"values":[1,0,0,0,0,-0.8118,0.5839,0,0,-0.5839,-0.8118,0,0.505,0.3597,0.1471,1]},
{"frame":21,"values":[1,0,0,0,0,-0.865,0.5017,0,0,-0.5017,-0.865,0,0.505,0.3597,0.1471,1]},
{"frame":22,"values":[1,0,0,0,0,-0.8707,0.4918,0,0,-0.4918,-0.8707,0,0.505,0.3597,0.1471,1]},
{"frame":23,"values":[1,0,0,0,0,-0.8762,0.4819,0,0,-0.4819,-0.8762,0,0.505,0.3597,0.1471,1]},
{"frame":24,"values":[1,0,0,0,0,-0.877,0.4805,0,0,-0.4805,-0.877,0,0.505,0.3597,0.1471,1]},
{"frame":25,"values":[1,0,0,0,0,-0.8825,0.4704,0,0,-0.4704,-0.8825,0,0.505,0.3597,0.1471,1]},
{"frame":26,"values":[1,0,0,0,0,-0.8878,0.4602,0,0,-0.4602,-0.8878,0,0.505,0.3597,0.1471,1]},
{"frame":27,"values":[1,0,0,0,0,-0.974,0.2266,0,0,-0.2266,-0.974,0,0.505,0.3597,0.1471,1]},
{"frame":28,"values":[1,0,0,0,0,-0.9931,0.1171,0,0,-0.1171,-0.9931,0,0.505,0.3597,0.1471,1]},
{"frame":29,"values":[1,0,0,0,0,-1,0.0062,0,0,-0.0062,-1,0,0.505,0.3597,0.1471,1]},
{"frame":30,"values":[1,0,0,0,0,-0.9781,0.2082,0,0,-0.2082,-0.9781,0,0.505,0.3597,0.1471,1]},
{"frame":31,"values":[1,0,0,0,0,-0.8489,0.5285,0,0,-0.5285,-0.8489,0,0.505,0.3597,0.1471,1]},
{"frame":32,"values":[1,0,0,0,0,-0.9264,0.3766,0,0,-0.3766,-0.9264,0,0.505,0.3597,0.1471,1]},
{"frame":33,"values":[1,0,0,0,0,-0.9769,0.2138,0,0,-0.2138,-0.9769,0,0.505,0.3597,0.1471,1]},
{"frame":34,"values":[1,0,0,0,0,-0.9769,0.2138,0,0,-0.2138,-0.9769,0,0.505,0.3597,0.1471,1]},
{"frame":51,"values":[1,0,0,0,0,-0.9769,0.2138,0,0,-0.2138,-0.9769,0,0.505,0.3597,0.1471,1]},
{"frame":52,"values":[1,0,0,0,0,-0.9939,0.1106,0,0,-0.1106,-0.9939,0,0.505,0.3597,0.1471,1]},
{"frame":53,"values":[1,0,0,0,0,-1,0.0062,0,0,-0.0062,-1,0,0.505,0.3597,0.1471,1]},
{"frame":54,"values":[1,0,0,0,0,-0.9781,0.2082,0,0,-0.2082,-0.9781,0,0.505,0.3597,0.1471,1]},
{"frame":55,"values":[1,0,0,0,0,-0.9274,0.374,0,0,-0.374,-0.9274,0,0.505,0.3597,0.1471,1]},
{"frame":56,"values":[1,0,0,0,0,-0.8489,0.5285,0,0,-0.5285,-0.8489,0,0.505,0.3597,0.1471,1]},
{"frame":57,"values":[1,0,0,0,0,-0.7244,0.6894,0,0,-0.6894,-0.7244,0,0.505,0.3597,0.1471,1]},
{"frame":58,"values":[1,0,0,0,0,-0.7396,0.6731,0,0,-0.6731,-0.7396,0,0.505,0.3597,0.1471,1]},
{"frame":59,"values":[1,0,0,0,0,-0.7544,0.6565,0,0,-0.6565,-0.7544,0,0.505,0.3597,0.1471,1]},
{"frame":60,"values":[1,0,0,0,0,-0.8118,0.5839,0,0,-0.5839,-0.8118,0,0.505,0.3597,0.1471,1]},
{"frame":61,"values":[1,0,0,0,0,-0.865,0.5017,0,0,-0.5017,-0.865,0,0.505,0.3597,0.1471,1]},
{"frame":62,"values":[1,0,0,0,0,-0.8707,0.4918,0,0,-0.4918,-0.8707,0,0.505,0.3597,0.1471,1]},
{"frame":63,"values":[1,0,0,0,0,-0.8762,0.4819,0,0,-0.4819,-0.8762,0,0.505,0.3597,0.1471,1]},
{"frame":64,"values":[1,0,0,0,0,-0.877,0.4805,0,0,-0.4805,-0.877,0,0.505,0.3597,0.1471,1]},
{"frame":65,"values":[1,0,0,0,0,-0.8825,0.4704,0,0,-0.4704,-0.8825,0,0.505,0.3597,0.1471,1]},
{"frame":66,"values":[1,0,0,0,0,-0.8878,0.4602,0,0,-0.4602,-0.8878,0,0.505,0.3597,0.1471,1]},
{"frame":67,"values":[1,0,0,0,0,-0.974,0.2266,0,0,-0.2266,-0.974,0,0.505,0.3597,0.1471,1]},
{"frame":68,"values":[1,0,0,0,0,-0.9931,0.1171,0,0,-0.1171,-0.9931,0,0.505,0.3597,0.1471,1]},
{"frame":69,"values":[1,0,0,0,0,-1,0.0062,0,0,-0.0062,-1,0,0.505,0.3597,0.1471,1]},
{"frame":70,"values":[1,0,0,0,0,-0.9781,0.2082,0,0,-0.2082,-0.9781,0,0.505,0.3597,0.1471,1]},
{"frame":71,"values":[1,0,0,0,0,-0.8489,0.5285,0,0,-0.5285,-0.8489,0,0.505,0.3597,0.1471,1]},
{"frame":72,"values":[1,0,0,0,0,-0.9264,0.3766,0,0,-0.3766,-0.9264,0,0.505,0.3597,0.1471,1]},
{"frame":73,"values":[1,0,0,0,0,-0.9769,0.2138,0,0,-0.2138,-0.9769,0,0.505,0.3597,0.1471,1]}],"loopBehavior":1,"name":"anim","property":"_matrix"}},
{"name":"shin.L","index":14,"matrix":[1,0,0,0,0,0.9993,0.0373,0,0,-0.0373,0.9993,0,0,2.7558,0,1],"rest":[1,0,0,0,0,0.9993,0.0373,0,0,-0.0373,0.9993,0,0,2.7558,0,1],"parentBoneIndex":13,"length":2.4324
,"animation":{"dataType":3,"framePerSecond":24,"keys":[
{"frame":11,"values":[1,0,0,0,0,0.9993,0.0373,0,0,-0.0373,0.9993,0,0,2.7558,0,1]},
{"frame":12,"values":[1,0,0,0,0,0.9775,0.2109,0,0,-0.2109,0.9775,0,0,2.7558,0,1]},
{"frame":13,"values":[1,0,0,0,0,0.9258,0.378,0,0,-0.378,0.9258,0,0,2.7558,0,1]},
{"frame":14,"values":[1,0,0,0,0,0.455,0.8905,0,0,-0.8905,0.455,0,0,2.7558,0,1]},
{"frame":15,"values":[1,0,0,0,0,0.4133,0.9106,0,0,-0.9106,0.4133,0,0,2.7558,0,1]},
{"frame":16,"values":[1,0,0,0,0,0.3707,0.9287,0,0,-0.9287,0.3707,0,0,2.7558,0,1]},
{"frame":17,"values":[1,0,0,0,0,0.3586,0.9335,0,0,-0.9335,0.3586,0,0,2.7558,0,1]},
{"frame":18,"values":[1,0,0,0,0,0.5797,0.8148,0,0,-0.8148,0.5797,0,0,2.7558,0,1]},
{"frame":19,"values":[1,0,0,0,0,0.7643,0.6448,0,0,-0.6448,0.7643,0,0,2.7558,0,1]},
{"frame":20,"values":[1,0,0,0,0,0.9804,0.1968,0,0,-0.1968,0.9804,0,0,2.7558,0,1]},
{"frame":21,"values":[1,0,0,0,0,0.7514,0.6599,0,0,-0.6599,0.7514,0,0,2.7558,0,1]},
{"frame":22,"values":[1,0,0,0,0,0.7381,0.6747,0,0,-0.6747,0.7381,0,0,2.7558,0,1]},
{"frame":23,"values":[1,0,0,0,0,0.7245,0.6893,0,0,-0.6893,0.7245,0,0,2.7558,0,1]},
{"frame":24,"values":[1,0,0,0,0,0.7131,0.701,0,0,-0.701,0.7131,0,0,2.7558,0,1]},
{"frame":25,"values":[1,0,0,0,0,0.7125,0.7017,0,0,-0.7017,0.7125,0,0,2.7558,0,1]},
{"frame":26,"values":[1,0,0,0,0,0.7118,0.7024,0,0,-0.7024,0.7118,0,0,2.7558,0,1]},
{"frame":27,"values":[1,0,0,0,0,0.8348,0.5506,0,0,-0.5506,0.8348,0,0,2.7558,0,1]},
{"frame":28,"values":[1,0,0,0,0,0.8845,0.4665,0,0,-0.4665,0.8845,0,0,2.7558,0,1]},
{"frame":29,"values":[1,0,0,0,0,0.9258,0.378,0,0,-0.378,0.9258,0,0,2.7558,0,1]},
{"frame":30,"values":[1,0,0,0,0,0.455,0.8905,0,0,-0.8905,0.455,0,0,2.7558,0,1]},
{"frame":31,"values":[1,0,0,0,0,0.3707,0.9287,0,0,-0.9287,0.3707,0,0,2.7558,0,1]},
{"frame":32,"values":[1,0,0,0,0,0.8173,0.5763,0,0,-0.5763,0.8173,0,0,2.7558,0,1]},
{"frame":33,"values":[1,0,0,0,0,0.9993,0.0373,0,0,-0.0373,0.9993,0,0,2.7558,0,1]},
{"frame":34,"values":[1,0,0,0,0,0.9993,0.0373,0,0,-0.0373,0.9993,0,0,2.7558,0,1]},
{"frame":51,"values":[1,0,0,0,0,0.9993,0.0373,0,0,-0.0373,0.9993,0,0,2.7558,0,1]},
{"frame":52,"values":[1,0,0,0,0,0.9775,0.2109,0,0,-0.2109,0.9775,0,0,2.7558,0,1]},
{"frame":53,"values":[1,0,0,0,0,0.9258,0.378,0,0,-0.378,0.9258,0,0,2.7558,0,1]},
{"frame":54,"values":[1,0,0,0,0,0.455,0.8905,0,0,-0.8905,0.455,0,0,2.7558,0,1]},
{"frame":55,"values":[1,0,0,0,0,0.4133,0.9106,0,0,-0.9106,0.4133,0,0,2.7558,0,1]},
{"frame":56,"values":[1,0,0,0,0,0.3707,0.9287,0,0,-0.9287,0.3707,0,0,2.7558,0,1]},
{"frame":57,"values":[1,0,0,0,0,0.3586,0.9335,0,0,-0.9335,0.3586,0,0,2.7558,0,1]},
{"frame":58,"values":[1,0,0,0,0,0.5797,0.8148,0,0,-0.8148,0.5797,0,0,2.7558,0,1]},
{"frame":59,"values":[1,0,0,0,0,0.7643,0.6448,0,0,-0.6448,0.7643,0,0,2.7558,0,1]},
{"frame":60,"values":[1,0,0,0,0,0.9804,0.1968,0,0,-0.1968,0.9804,0,0,2.7558,0,1]},
{"frame":61,"values":[1,0,0,0,0,0.7514,0.6599,0,0,-0.6599,0.7514,0,0,2.7558,0,1]},
{"frame":62,"values":[1,0,0,0,0,0.7381,0.6747,0,0,-0.6747,0.7381,0,0,2.7558,0,1]},
{"frame":63,"values":[1,0,0,0,0,0.7245,0.6893,0,0,-0.6893,0.7245,0,0,2.7558,0,1]},
{"frame":64,"values":[1,0,0,0,0,0.7131,0.701,0,0,-0.701,0.7131,0,0,2.7558,0,1]},
{"frame":65,"values":[1,0,0,0,0,0.7125,0.7017,0,0,-0.7017,0.7125,0,0,2.7558,0,1]},
{"frame":66,"values":[1,0,0,0,0,0.7118,0.7024,0,0,-0.7024,0.7118,0,0,2.7558,0,1]},
{"frame":67,"values":[1,0,0,0,0,0.8348,0.5506,0,0,-0.5506,0.8348,0,0,2.7558,0,1]},
{"frame":68,"values":[1,0,0,0,0,0.8845,0.4665,0,0,-0.4665,0.8845,0,0,2.7558,0,1]},
{"frame":69,"values":[1,0,0,0,0,0.9258,0.378,0,0,-0.378,0.9258,0,0,2.7558,0,1]},
{"frame":70,"values":[1,0,0,0,0,0.455,0.8905,0,0,-0.8905,0.455,0,0,2.7558,0,1]},
{"frame":71,"values":[1,0,0,0,0,0.3707,0.9287,0,0,-0.9287,0.3707,0,0,2.7558,0,1]},
{"frame":72,"values":[1,0,0,0,0,0.8173,0.5763,0,0,-0.5763,0.8173,0,0,2.7558,0,1]},
{"frame":73,"values":[1,0,0,0,0,0.9993,0.0373,0,0,-0.0373,0.9993,0,0,2.7558,0,1]}],"loopBehavior":1,"name":"anim","property":"_matrix"}},
{"name":"foot.L","index":15,"matrix":[0.9973,-0.0192,0.0705,0,0.0731,0.262,-0.9623,0,0,0.9649,0.2628,0,0,2.4324,0,1],"rest":[0.9973,-0.0192,0.0705,0,0.0731,0.262,-0.9623,0,0,0.9649,0.2628,0,0,2.4324,0,1],"parentBoneIndex":14,"length":0.845
,"animation":{"dataType":3,"framePerSecond":24,"keys":[
{"frame":11,"values":[0.9973,-0.0192,0.0705,0,0.0731,0.262,-0.9623,0,0,0.9649,0.2628,0,0,2.4324,0,1]},
{"frame":12,"values":[0.9973,-0.0221,0.0697,0,0.0731,0.3011,-0.9508,0,0,0.9533,0.3019,0,0,2.4324,0,1]},
{"frame":13,"values":[0.9973,-0.0249,0.0687,0,0.0731,0.3396,-0.9377,0,0,0.9403,0.3405,0,0,2.4324,0,1]},
{"frame":14,"values":[0.9973,-0.0304,0.0664,0,0.0731,0.4148,-0.907,0,0,0.9094,0.416,0,0,2.4324,0,1]},
{"frame":15,"values":[0.9973,-0.0289,0.0671,0,0.0731,0.3946,-0.916,0,0,0.9184,0.3956,0,0,2.4324,0,1]},
{"frame":16,"values":[0.9973,-0.0274,0.0677,0,0.0731,0.3741,-0.9245,0,0,0.927,0.3751,0,0,2.4324,0,1]},
{"frame":17,"values":[0.9973,-0.0173,0.071,0,0.0731,0.2368,-0.9688,0,0,0.9714,0.2375,0,0,2.4324,0,1]},
{"frame":18,"values":[0.9973,-0.0076,0.0727,0,0.0731,0.1033,-0.992,0,0,0.9946,0.1036,0,0,2.4324,0,1]},
{"frame":19,"values":[0.9973,0.0024,0.073,0,0.0731,-0.0322,-0.9968,0,0,0.9995,-0.0322,0,0,2.4324,0,1]},
{"frame":20,"values":[0.9973,0.0272,0.0678,0,0.0731,-0.3715,-0.9256,0,0,0.928,-0.3725,0,0,2.4324,0,1]},
{"frame":21,"values":[0.9973,0.0366,0.0632,0,0.0731,-0.4992,-0.8634,0,0,0.8657,-0.5005,0,0,2.4324,0,1]},
{"frame":22,"values":[0.9973,0.0334,0.065,0,0.0731,-0.4556,-0.8872,0,0,0.8895,-0.4569,0,0,2.4324,0,1]},
{"frame":23,"values":[0.9973,0.0301,0.0666,0,0.0731,-0.411,-0.9087,0,0,0.9111,-0.4121,0,0,2.4324,0,1]},
{"frame":24,"values":[0.9973,0.0153,0.0714,0,0.0731,-0.2088,-0.9752,0,0,0.9778,-0.2093,0,0,2.4324,0,1]},
{"frame":25,"values":[0.9973,0.0117,0.0721,0,0.0731,-0.1601,-0.9844,0,0,0.987,-0.1605,0,0,2.4324,0,1]},
{"frame":26,"values":[0.9973,0.0081,0.0726,0,0.0731,-0.1109,-0.9911,0,0,0.9938,-0.1112,0,0,2.4324,0,1]},
{"frame":30,"values":[0.9973,-0.0304,0.0664,0,0.0731,0.4148,-0.907,0,0,0.9094,0.416,0,0,2.4324,0,1]},
{"frame":31,"values":[0.9973,-0.0274,0.0677,0,0.0731,0.3741,-0.9245,0,0,0.927,0.3751,0,0,2.4324,0,1]},
{"frame":32,"values":[0.9973,-0.0233,0.0692,0,0.0731,0.3186,-0.9451,0,0,0.9476,0.3195,0,0,2.4324,0,1]},
{"frame":33,"values":[0.9973,-0.0192,0.0705,0,0.0731,0.262,-0.9623,0,0,0.9649,0.2628,0,0,2.4324,0,1]},
{"frame":34,"values":[0.9973,-0.0192,0.0705,0,0.0731,0.262,-0.9623,0,0,0.9649,0.2628,0,0,2.4324,0,1]},
{"frame":51,"values":[0.9973,-0.0192,0.0705,0,0.0731,0.262,-0.9623,0,0,0.9649,0.2628,0,0,2.4324,0,1]},
{"frame":52,"values":[0.9973,-0.0221,0.0697,0,0.0731,0.3011,-0.9508,0,0,0.9533,0.3019,0,0,2.4324,0,1]},
{"frame":53,"values":[0.9973,-0.0249,0.0687,0,0.0731,0.3396,-0.9377,0,0,0.9403,0.3405,0,0,2.4324,0,1]},
{"frame":54,"values":[0.9973,-0.0304,0.0664,0,0.0731,0.4148,-0.907,0,0,0.9094,0.416,0,0,2.4324,0,1]},
{"frame":55,"values":[0.9973,-0.0289,0.0671,0,0.0731,0.3946,-0.916,0,0,0.9184,0.3956,0,0,2.4324,0,1]},
{"frame":56,"values":[0.9973,-0.0274,0.0677,0,0.0731,0.3741,-0.9245,0,0,0.927,0.3751,0,0,2.4324,0,1]},
{"frame":57,"values":[0.9973,-0.0173,0.071,0,0.0731,0.2368,-0.9688,0,0,0.9714,0.2375,0,0,2.4324,0,1]},
